name: teacher
channels:
  - pytorch
  - anaconda
  - conda-forge
  - defaults
dependencies:
  - _libgcc_mutex=0.1=main
  - blas=1.0=mkl
  - bzip2=1.0.8=h516909a_3
  - ca-certificates=2020.6.20=hecda079_0
  - certifi=2020.6.20=py38h32f6830_0
  - cloudpickle=1.3.0=py_0
  - cudatoolkit=10.2.89=hfd86e86_1
  - decorator=4.4.2=py_0
  - ffmpeg=4.3.1=h167e202_0
  - freetype=2.10.2=he06d7ca_0
  - future=0.18.2=py38h32f6830_1
  - gmp=6.2.0=he1b5a44_2
  - gnutls=3.6.13=h79a8f9a_0
  - gym=0.17.2=py38h32f6830_1
  - hyperopt=0.2.4=pyh9f0ad1d_0
  - intel-openmp=2020.1=217
  - lame=3.100=h14c3975_1001
  - ld_impl_linux-64=2.33.1=h53a641e_7
  - libedit=3.1.20191231=h14c3975_1
  - libffi=3.3=he6710b0_2
  - libgcc-ng=9.1.0=hdf63c60_0
  - libgfortran-ng=7.5.0=hdf63c60_16
  - libiconv=1.16=h516909a_0
  - libpng=1.6.37=hed695b0_2
  - libprotobuf=3.13.0=h8b12597_0
  - libstdcxx-ng=9.1.0=hdf63c60_0
  - mkl=2020.1=217
  - mkl-service=2.3.0=py38he904b0f_0
  - mkl_fft=1.1.0=py38h23d657b_0
  - mkl_random=1.1.1=py38h0573a6f_0
  - ncurses=6.2=he6710b0_1
  - nettle=3.4.1=h1bed415_1002
  - networkx=2.5=py_0
  - ninja=1.10.0=py38hfd86e86_0
  - numpy=1.19.1=py38hbc911f0_0
  - numpy-base=1.19.1=py38hfa32c7d_0
  - openh264=2.1.1=h8b12597_0
  - openssl=1.1.1g=h516909a_1
  - pandas=1.1.0=py38he6710b0_0
  - pip=20.2.2=py38_0
  - pyglet=1.5.0=py38h32f6830_1
  - pymongo=3.10.1=py38h950e882_2
  - python=3.8.5=hcff3b4d_0
  - python-dateutil=2.8.1=py_0
  - python_abi=3.8=1_cp38
  - pytorch=1.6.0=py3.8_cuda10.2.89_cudnn7.6.5_0
  - pytz=2020.1=py_0
  - readline=8.0=h7b6447c_0
  - scipy=1.5.2=py38h0b6359f_0
  - setuptools=49.6.0=py38_0
  - six=1.15.0=py_0
  - sqlite=3.33.0=h62c20be_0
  - tensorboardx=2.1=py_0
  - tk=8.6.10=hbc83047_0
  - tqdm=4.48.2=pyh9f0ad1d_0
  - wheel=0.35.1=py_0
  - x264=1!152.20180806=h14c3975_0
  - xz=5.2.5=h7b6447c_0
  - zlib=1.2.11=h7b6447c_3
  - pip:
    - aiohttp==3.6.2
    - aiohttp-cors==0.7.0
    - aioredis==1.3.1
    - async-timeout==3.0.1
    - attrs==20.1.0
    - beautifulsoup4==4.9.1
    - blessings==1.7
    - cachetools==4.1.1
    - chardet==3.0.4
    - click==7.1.2
    - colorama==0.4.3
    - colorful==0.5.4
    - filelock==3.0.12
    - google==3.0.0
    - google-api-core==1.22.1
    - google-auth==1.20.1
    - googleapis-common-protos==1.52.0
    - gpustat==0.6.0
    - grpcio==1.31.0
    - hiredis==1.1.0
    - idna==2.10
    - jsonschema==3.2.0
    - msgpack==1.0.0
    - multidict==4.7.6
    - nvidia-ml-py3==7.352.0
    - opencensus==0.7.10
    - opencensus-context==0.1.1
    - prometheus-client==0.8.0
    - protobuf==3.13.0
    - psutil==5.7.2
    - py-spy==0.3.3
    - pyasn1==0.4.8
    - pyasn1-modules==0.2.8
    - pyrsistent==0.16.0
    - pyyaml==5.3.1
    - redis==3.4.1
    - requests==2.24.0
    - rsa==4.6
    - soupsieve==2.0.1
    - tabulate==0.8.7
    - urllib3==1.25.10
    - yarl==1.5.1
prefix: /opt/conda/envs/teacher
